기간	자치구	구분	합계	합계	합계	합계	합계	조직형태별	조직형태별	조직형태별	조직형태별	조직형태별	조직형태별	조직형태별	조직형태별	사업체구분별	사업체구분별	사업체구분별	사업체구분별	사업체구분별	사업체구분별
기간	자치구	구분	합계	합계	합계	합계	합계	개인	개인	회사법인	회사법인	회사이외의 법인	회사이외의 법인	비법인단체	비법인단체	단독	단독	본사본점 등	본사본점 등	공장지사(점)영업소	공장지사(점)영업소
기간	자치구	구분	사업체수	사업체수	종사자수	종사자수	종사자수	사업체수	종사자수	사업체수	종사자수	사업체수	종사자수	사업체수	종사자수	사업체수	종사자수	사업체수	종사자수	사업체수	종사자수
기간	자치구	구분	사업체수	여성대표자	계	남	여	사업체수	종사자수	사업체수	종사자수	사업체수	종사자수	사업체수	종사자수	사업체수	종사자수	사업체수	종사자수	사업체수	종사자수
2018	서울시	합계	823,385	279,711	5,210,936	2,878,227	2,332,709	624,869	1,573,654	156,768	2,792,680	20,498	708,244	21,250	136,358	764,987	3,260,903	16,740	1,167,192	41,658	782,841
2018	서울시	농업 임업 및 어업	30	6	462	384	78	-	-	23	270	7	192	-	-	24	170	4	288	2	4
2018	서울시	광업	24	1	81	62	19	1	1	23	80	-	-	-	-	20	49	4	32	-	-
2018	서울시	제조업	58,970	13,904	266,500	154,449	112,051	48,621	149,396	10,164	114,863	160	1,990	25	251	56,993	222,066	1,114	33,411	863	11,023
2018	서울시	전기 가스 증기 및 공기조절 공급업	183	11	6,083	4,936	1,147	20	44	124	3,090	38	2,944	1	5	122	700	11	1,641	50	3,742
2018	서울시	수도 하수 및 폐기물 처리 원료 재생업	451	54	9,139	7,738	1,401	67	201	290	6,339	94	2,599	-	-	402	7,764	21	754	28	621
2018	서울시	건설업	21,825	3,297	379,353	327,286	52,067	11,253	32,091	10,529	346,541	41	712	2	9	20,513	238,480	722	120,687	590	20,186
2018	서울시	도매 및 소매업	223,955	83,311	896,326	491,875	404,451	168,740	361,647	54,427	528,372	700	5,905	88	402	205,459	575,755	5,276	180,736	13,220	139,835
2018	서울시	운수 및 창고업	95,412	4,486	272,618	226,286	46,332	89,607	100,247	4,946	151,678	799	20,179	60	514	93,352	176,888	706	61,213	1,354	34,517
2018	서울시	숙박 및 음식점업	130,595	69,126	495,092	202,019	293,073	119,762	367,281	10,434	124,417	280	2,763	119	631	122,650	397,067	714	13,383	7,231	84,642
2018	서울시	정보통신업	23,384	3,847	357,761	244,021	113,740	6,899	17,712	15,949	322,579	472	17,136	64	334	21,597	220,353	903	103,584	884	33,824
2018	서울시	금융 및 보험업	11,220	1,815	262,273	135,556	126,717	1,715	3,742	7,988	221,296	1,479	37,071	38	164	5,390	45,788	647	111,771	5,183	104,714
2018	서울시	부동산업	41,282	13,767	158,063	100,821	57,242	28,935	50,894	7,681	70,286	520	4,847	4,146	32,036	39,416	120,242	597	22,003	1,269	15,818
2018	서울시	전문 과학 및 기술 서비스업	41,654	7,097	463,519	296,927	166,592	20,677	66,663	17,000	320,658	3,752	75,278	225	920	36,010	230,548	2,933	164,892	2,711	68,079
2018	서울시	사업시설 관리 사업 지원 및 임대 서비스업	16,198	4,550	496,433	242,166	254,267	6,525	18,350	9,162	469,054	290	7,079	221	1,950	13,483	200,415	1,137	242,801	1,578	53,217
2018	서울시	공공행정 국방 및 사회보장 행정	1,282	150	140,121	87,383	52,738	-	-	-	-	1,280	139,845	2	276	1,250	136,477	8	2,281	24	1,363
2018	서울시	교육 서비스업	35,377	19,257	346,219	134,775	211,444	27,150	79,306	4,400	60,350	3,002	198,704	825	7,859	32,125	199,832	711	60,488	2,541	85,899
2018	서울시	보건업 및 사회복지 서비스업	28,824	11,857	378,366	78,590	299,776	22,994	180,715	248	4,572	2,082	136,543	3,500	56,536	27,257	262,951	295	25,312	1,272	90,103
2018	서울시	예술 스포츠 및 여가관련 서비스업	23,025	9,476	91,104	48,939	42,165	20,080	46,750	1,679	20,381	795	21,795	471	2,178	21,935	68,313	201	5,850	889	16,941
2018	서울시	협회 및 단체 수리 및 기타 개인 서비스업	69,694	33,699	191,423	94,014	97,409	51,823	98,614	1,701	27,854	4,707	32,662	11,463	32,293	66,989	157,045	736	16,065	1,969	18,313
2018	종로구	합계	39,952	13,442	265,017	152,717	112,300	31,368	76,350	6,373	134,993	1,379	49,215	832	4,459	37,240	142,785	822	85,953	1,890	36,279
2018	종로구	농업 임업 및 어업	3	1	17	13	4	-	-	2	15	1	2	-	-	2	3	1	14	-	-
2018	종로구	광업	4	-	10	8	2	1	1	3	9	-	-	-	-	3	5	1	5	-	-
2018	종로구	제조업	4,437	1,202	13,071	7,447	5,624	4,153	10,684	280	2,372	3	10	1	5	4,366	12,250	37	538	34	283
2018	종로구	전기 가스 증기 및 공기조절 공급업	12	1	350	337	13	-	-	12	350	-	-	-	-	10	314	1	22	1	14
2018	종로구	수도 하수 및 폐기물 처리 원료 재생업	7	2	126	116	10	1	2	6	124	-	-	-	-	7	126	-	-	-	-
2018	종로구	건설업	328	38	30,305	26,434	3,871	194	459	133	29,840	1	6	-	-	301	1,915	17	25,457	10	2,933
2018	종로구	도매 및 소매업	16,587	5,729	43,116	24,374	18,742	14,421	25,784	2,111	16,842	48	408	7	82	15,822	32,900	251	5,964	514	4,252
2018	종로구	운수 및 창고업	1,388	94	7,260	5,284	1,976	1,025	1,559	336	5,245	22	416	5	40	1,304	3,266	42	3,339	42	655
2018	종로구	숙박 및 음식점업	6,625	3,424	27,639	11,200	16,439	5,905	19,423	689	7,916	28	293	3	7	6,096	20,996	51	533	478	6,110
2018	종로구	정보통신업	858	182	18,599	12,621	5,978	365	910	432	16,788	45	804	16	97	779	9,120	37	4,831	42	4,648
2018	종로구	금융 및 보험업	567	95	19,260	10,315	8,945	91	148	417	18,010	59	1,102	-	-	305	3,735	41	11,291	221	4,234
2018	종로구	부동산업	1,316	328	6,392	4,172	2,220	873	1,504	315	3,826	38	278	90	784	1,225	3,975	32	1,331	59	1,086
2018	종로구	전문 과학 및 기술 서비스업	1,553	344	21,766	13,721	8,045	821	5,729	526	12,505	174	3,442	32	90	1,353	10,950	98	8,051	102	2,765
2018	종로구	사업시설 관리 사업 지원 및 임대 서비스업	1,227	388	18,157	8,230	9,927	414	936	770	16,902	28	238	15	81	1,081	6,163	72	9,580	74	2,414
2018	종로구	공공행정 국방 및 사회보장 행정	89	9	15,658	9,819	5,839	-	-	-	-	89	15,658	-	-	88	15,649	-	-	1	9
2018	종로구	교육 서비스업	850	353	13,504	6,187	7,317	490	1,591	175	2,694	140	8,956	45	263	726	6,199	31	3,026	93	4,279
2018	종로구	보건업 및 사회복지 서비스업	744	269	15,888	5,203	10,685	566	3,540	6	50	95	11,217	77	1,081	679	5,112	17	9,878	48	898
2018	종로구	예술 스포츠 및 여가관련 서비스업	909	276	6,227	3,244	2,983	642	1,585	137	1,282	103	3,250	27	110	829	4,394	19	933	61	900
2018	종로구	협회 및 단체 수리 및 기타 개인 서비스업	2,448	707	7,672	3,992	3,680	1,406	2,495	23	223	505	3,135	514	1,819	2,264	5,713	74	1,160	110	799
2018	중구	합계	60,957	22,669	390,530	210,755	179,775	49,191	117,266	9,977	219,186	1,131	50,248	658	3,830	56,480	216,806	1,297	122,504	3,180	51,220
2018	중구	광업	2	-	3	2	1	-	-	2	3	-	-	-	-	2	3	-	-	-	-
2018	중구	제조업	9,369	1,966	29,402	19,038	10,364	8,504	23,316	839	5,881	24	199	2	6	9,201	27,661	83	1,204	85	537
2018	중구	전기 가스 증기 및 공기조절 공급업	6	1	724	590	134	1	3	2	8	3	713	-	-	3	11	-	-	3	713
2018	중구	수도 하수 및 폐기물 처리 원료 재생업	10	-	369	293	76	1	1	8	172	1	196	-	-	10	369	-	-	-	-
2018	중구	건설업	390	35	4,896	4,083	813	218	621	171	4,252	1	23	-	-	351	2,520	19	1,482	20	894
2018	중구	도매 및 소매업	31,547	14,473	98,606	47,243	51,363	27,906	55,059	3,601	43,321	35	189	5	37	29,918	66,818	404	20,477	1,225	11,311
2018	중구	운수 및 창고업	1,547	165	14,316	9,871	4,445	877	1,782	631	11,828	36	687	3	19	1,305	5,129	128	6,734	114	2,453
2018	중구	숙박 및 음식점업	6,050	3,007	33,032	13,558	19,474	5,187	18,220	839	14,328	20	446	4	38	5,380	21,899	61	4,023	609	7,110
2018	중구	정보통신업	914	166	25,013	17,088	7,925	354	909	527	23,391	27	646	6	67	813	10,880	54	12,911	47	1,222
2018	중구	금융 및 보험업	1,217	194	50,108	27,050	23,058	280	601	823	42,727	107	6,686	7	94	675	8,283	91	31,482	451	10,343
2018	중구	부동산업	1,694	382	9,169	6,051	3,118	1,012	2,035	544	6,018	40	381	98	735	1,543	5,859	54	1,491	97	1,819
2018	중구	전문 과학 및 기술 서비스업	2,752	500	36,078	22,019	14,059	1,749	5,057	809	26,973	170	3,761	24	287	2,437	14,563	185	17,744	130	3,771
2018	중구	사업시설 관리 사업 지원 및 임대 서비스업	1,483	357	39,020	19,769	19,251	502	1,133	940	37,273	22	529	19	85	1,225	16,470	114	18,117	144	4,433
2018	중구	공공행정 국방 및 사회보장 행정	62	8	19,280	11,666	7,614	-	-	-	-	62	19,280	-	-	60	18,712	1	448	1	120
2018	중구	교육 서비스업	471	227	8,321	3,867	4,454	246	694	101	1,039	97	6,399	27	189	374	2,994	22	2,995	75	2,332
2018	중구	보건업 및 사회복지 서비스업	747	225	10,104	2,658	7,446	592	4,056	7	88	74	4,992	74	968	693	6,323	15	1,638	39	2,143
2018	중구	예술 스포츠 및 여가관련 서비스업	558	196	3,723	1,912	1,811	430	1,023	71	1,097	43	1,572	14	31	499	2,561	13	91	46	1,071
2018	중구	협회 및 단체 수리 및 기타 개인 서비스업	2,138	767	8,366	3,997	4,369	1,332	2,756	62	787	369	3,549	375	1,274	1,991	5,751	53	1,667	94	948
2018	용산구	합계	20,813	7,153	141,216	76,498	64,718	15,054	36,582	4,652	78,517	623	21,608	484	4,509	18,951	77,992	538	41,340	1,324	21,884
2018	용산구	제조업	964	245	3,181	1,859	1,322	838	2,356	120	761	5	45	1	19	935	2,930	20	191	9	60
2018	용산구	전기 가스 증기 및 공기조절 공급업	4	-	43	26	17	1	1	3	42	-	-	-	-	3	6	1	37	-	-
2018	용산구	수도 하수 및 폐기물 처리 원료 재생업	10	1	150	120	30	2	8	7	139	1	3	-	-	9	113	-	-	1	37
2018	용산구	건설업	421	74	7,591	6,265	1,326	239	517	176	6,653	6	421	-	-	390	2,533	19	4,159	12	899
2018	용산구	도매 및 소매업	7,248	2,293	31,093	19,235	11,858	4,901	9,424	2,317	21,347	26	309	4	13	6,628	19,790	188	7,168	432	4,135
2018	용산구	운수 및 창고업	1,251	65	3,918	3,195	723	1,136	1,354	88	1,441	26	1,088	1	35	1,189	2,008	16	439	46	1,471
2018	용산구	숙박 및 음식점업	4,603	2,225	19,474	9,180	10,294	4,011	12,593	576	6,803	12	57	4	21	4,189	14,681	66	611	348	4,182
2018	용산구	정보통신업	484	99	9,750	6,019	3,731	169	385	295	8,690	19	673	1	2	438	3,818	21	4,290	25	1,642
2018	용산구	금융 및 보험업	266	38	5,085	2,044	3,041	33	58	186	3,936	47	1,091	-	-	89	580	21	1,780	156	2,725
2018	용산구	부동산업	1,139	414	3,807	2,550	1,257	853	1,349	156	1,339	18	69	112	1,050	1,097	3,139	18	350	24	318
2018	용산구	전문 과학 및 기술 서비스업	833	167	15,387	8,627	6,760	433	1,099	332	10,837	62	3,442	6	9	719	5,107	71	9,846	43	434
2018	용산구	사업시설 관리 사업 지원 및 임대 서비스업	365	91	15,708	6,666	9,042	134	971	219	14,308	6	199	6	230	287	4,792	30	9,079	48	1,837
2018	용산구	공공행정 국방 및 사회보장 행정	47	6	3,149	2,130	1,019	-	-	-	-	47	3,149	-	-	45	3,090	1	37	1	22
2018	용산구	교육 서비스업	550	323	7,452	2,478	4,974	366	977	72	802	93	5,372	19	301	474	4,129	17	2,213	59	1,110
2018	용산구	보건업 및 사회복지 서비스업	579	247	6,658	1,492	5,166	421	2,331	6	83	59	2,514	93	1,730	542	4,498	11	95	26	2,065
2018	용산구	예술 스포츠 및 여가관련 서비스업	408	154	2,831	1,462	1,369	333	766	41	552	24	1,479	10	34	383	2,207	5	316	20	308
2018	용산구	협회 및 단체 수리 및 기타 개인 서비스업	1,641	711	5,939	3,150	2,789	1,184	2,393	58	784	172	1,697	227	1,065	1,534	4,571	33	729	74	639
2018	성동구	합계	27,868	8,432	174,819	100,694	74,125	19,928	51,622	6,686	95,970	615	22,978	639	4,249	25,813	115,486	720	31,824	1,335	27,509
2018	성동구	농업 임업 및 어업	1	-	3	3	-	-	-	1	3	-	-	-	-	1	3	-	-	-	-
2018	성동구	제조업	4,444	897	27,062	17,022	10,040	3,342	12,172	1,084	14,756	17	125	1	9	4,168	20,779	157	4,596	119	1,687
2018	성동구	전기 가스 증기 및 공기조절 공급업	13	-	421	366	55	1	1	10	337	2	83	-	-	9	25	-	-	4	396
2018	성동구	수도 하수 및 폐기물 처리 원료 재생업	31	4	782	646	136	2	6	17	294	12	482	-	-	26	709	1	19	4	54
2018	성동구	건설업	666	104	5,790	4,795	995	332	891	333	4,896	1	3	-	-	614	4,470	21	755	31	565
2018	성동구	도매 및 소매업	7,385	2,252	31,602	18,736	12,866	4,859	10,954	2,508	20,547	17	100	1	1	6,792	22,118	244	5,894	349	3,590
2018	성동구	운수 및 창고업	2,629	140	8,653	7,521	1,132	2,457	3,064	134	3,424	35	2,153	3	12	2,557	5,415	20	650	52	2,588
2018	성동구	숙박 및 음식점업	3,836	2,041	12,442	5,057	7,385	3,587	10,371	239	2,032	6	21	4	18	3,664	10,978	11	89	161	1,375
2018	성동구	정보통신업	860	100	10,725	7,656	3,069	178	451	670	10,141	12	133	-	-	775	8,629	48	1,152	37	944
2018	성동구	금융 및 보험업	314	46	4,131	1,826	2,305	72	179	194	3,500	48	452	-	-	151	618	15	1,038	148	2,475
2018	성동구	부동산업	1,371	463	5,520	3,125	2,395	933	1,562	236	2,529	18	78	184	1,351	1,313	4,402	20	741	38	377
2018	성동구	전문 과학 및 기술 서비스업	1,447	247	14,631	9,355	5,276	653	1,916	706	10,971	82	1,725	6	19	1,226	8,010	109	5,069	112	1,552
2018	성동구	사업시설 관리 사업 지원 및 임대 서비스업	419	101	18,907	9,226	9,681	164	453	241	17,526	9	903	5	25	345	6,380	29	10,578	45	1,949
2018	성동구	공공행정 국방 및 사회보장 행정	47	4	4,471	3,062	1,409	-	-	-	-	47	4,471	-	-	47	4,471	-	-	-	-
2018	성동구	교육 서비스업	961	552	11,371	4,540	6,831	714	1,894	100	1,422	112	7,678	35	377	879	5,729	10	315	72	5,327
2018	성동구	보건업 및 사회복지 서비스업	748	322	8,539	1,761	6,778	570	3,713	10	298	44	2,889	124	1,639	712	5,849	5	80	31	2,610
2018	성동구	예술 스포츠 및 여가관련 서비스업	581	233	2,157	1,178	979	501	1,053	48	391	20	676	12	37	548	1,601	7	244	26	312
2018	성동구	협회 및 단체 수리 및 기타 개인 서비스업	2,115	926	7,612	4,819	2,793	1,563	2,942	155	2,903	133	1,006	264	761	1,986	5,300	23	604	106	1,708
2018	광진구	합계	24,535	8,948	127,879	69,442	58,437	19,968	50,585	3,422	50,879	514	22,572	631	3,843	23,054	85,122	335	20,134	1,146	22,623
2018	광진구	농업 임업 및 어업	1	-	3	1	2	-	-	-	-	1	3	-	-	1	3	-	-	-	-
2018	광진구	제조업	1,707	455	7,198	3,774	3,424	1,451	5,007	252	2,042	2	117	2	32	1,667	6,492	25	520	15	186
2018	광진구	전기 가스 증기 및 공기조절 공급업	3	-	69	63	6	2	3	-	-	1	66	-	-	2	3	-	-	1	66
2018	광진구	수도 하수 및 폐기물 처리 원료 재생업	16	3	244	216	28	-	-	11	150	5	94	-	-	14	213	-	-	2	31
2018	광진구	건설업	784	102	13,397	11,927	1,470	447	1,314	336	12,082	1	1	-	-	736	6,940	26	6,033	22	424
2018	광진구	도매 및 소매업	5,889	2,118	19,023	10,417	8,606	4,624	10,122	1,245	8,798	20	103	-	-	5,380	14,240	120	1,695	389	3,088
2018	광진구	운수 및 창고업	2,519	97	5,828	5,397	431	2,418	2,889	77	2,088	24	851	-	-	2,461	4,251	4	12	54	1,565
2018	광진구	숙박 및 음식점업	4,764	2,544	17,023	7,341	9,682	4,490	13,472	263	3,497	11	54	-	-	4,571	14,003	14	121	179	2,899
2018	광진구	정보통신업	345	60	3,720	2,323	1,397	111	318	223	2,436	10	964	1	2	309	2,560	16	395	20	765
2018	광진구	금융 및 보험업	235	43	4,739	2,584	2,155	46	95	151	4,007	38	637	-	-	106	890	15	619	114	3,230
2018	광진구	부동산업	1,275	495	3,725	2,419	1,306	990	1,551	153	1,112	12	66	120	996	1,242	3,310	15	181	18	234
2018	광진구	전문 과학 및 기술 서비스업	798	129	4,811	2,993	1,818	463	1,323	290	2,275	44	1,205	1	8	706	3,698	38	537	54	576
2018	광진구	사업시설 관리 사업 지원 및 임대 서비스업	451	120	10,213	5,111	5,102	220	536	224	9,354	7	323	-	-	378	4,610	25	4,536	48	1,067
2018	광진구	공공행정 국방 및 사회보장 행정	36	4	2,662	1,729	933	-	-	-	-	36	2,662	-	-	35	2,654	-	-	1	8
2018	광진구	교육 서비스업	1,183	648	14,139	6,331	7,808	933	2,522	100	1,072	116	10,195	34	350	1,072	5,879	18	4,584	93	3,676
2018	광진구	보건업 및 사회복지 서비스업	909	371	11,615	2,161	9,454	748	5,556	6	261	48	4,219	107	1,579	873	7,919	2	576	34	3,120
2018	광진구	예술 스포츠 및 여가관련 서비스업	1,033	476	3,862	2,078	1,784	954	2,162	44	1,181	26	501	9	18	1,002	2,454	4	141	27	1,267
2018	광진구	협회 및 단체 수리 및 기타 개인 서비스업	2,587	1,283	5,608	2,577	3,031	2,071	3,715	47	524	112	511	357	858	2,499	5,003	13	184	75	421
2018	동대문구	합계	31,878	10,575	140,748	74,303	66,445	26,996	64,363	3,494	43,116	617	28,070	771	5,199	30,485	101,258	341	15,782	1,052	23,708
2018	동대문구	광업	1	-	1	1	-	-	-	1	1	-	-	-	-	1	1	-	-	-	-
2018	동대문구	제조업	3,297	826	13,543	7,066	6,477	2,871	9,652	420	3,840	5	46	1	5	3,231	12,317	44	1,047	22	179
2018	동대문구	전기 가스 증기 및 공기조절 공급업	1	-	2	2	-	-	-	1	2	-	-	-	-	1	2	-	-	-	-
2018	동대문구	수도 하수 및 폐기물 처리 원료 재생업	19	1	148	127	21	4	6	8	127	7	15	-	-	18	141	-	-	1	7
2018	동대문구	건설업	766	111	5,849	4,916	933	497	1,375	267	4,345	2	129	-	-	753	5,595	7	90	6	164
2018	동대문구	도매 및 소매업	10,923	3,566	31,318	18,387	12,931	9,239	18,746	1,661	12,384	22	184	1	4	10,452	25,791	140	2,023	331	3,504
2018	동대문구	운수 및 창고업	3,617	156	6,562	6,065	497	3,524	4,037	67	1,242	20	1,185	6	98	3,584	5,262	3	25	30	1,275
2018	동대문구	숙박 및 음식점업	4,863	2,745	14,447	5,651	8,796	4,681	12,660	173	1,678	7	71	2	38	4,726	13,054	12	136	125	1,257
2018	동대문구	정보통신업	254	41	2,119	1,194	925	137	315	99	1,389	16	406	2	9	232	1,110	5	106	17	903
2018	동대문구	금융 및 보험업	275	39	4,314	1,364	2,950	32	59	182	3,686	61	569	-	-	71	453	15	417	189	3,444
2018	동대문구	부동산업	1,359	451	4,598	2,982	1,616	1,096	1,828	113	1,587	22	98	128	1,085	1,326	3,752	8	576	25	270
2018	동대문구	전문 과학 및 기술 서비스업	630	102	7,073	4,882	2,191	390	1,140	172	4,057	56	1,820	12	56	560	3,314	37	3,239	33	520
2018	동대문구	사업시설 관리 사업 지원 및 임대 서비스업	435	134	8,666	4,154	4,512	223	578	193	6,972	14	1,080	5	36	357	3,455	25	4,461	53	750
2018	동대문구	공공행정 국방 및 사회보장 행정	50	3	3,443	2,308	1,135	-	-	-	-	50	3,443	-	-	50	3,443	-	-	-	-
2018	동대문구	교육 서비스업	1,000	519	16,243	7,612	8,631	770	2,381	71	1,165	125	12,301	34	396	900	7,238	16	3,008	84	5,997
2018	동대문구	보건업 및 사회복지 서비스업	1,031	399	14,494	3,414	11,080	794	6,622	4	22	57	5,522	176	2,328	990	9,642	5	286	36	4,566
2018	동대문구	예술 스포츠 및 여가관련 서비스업	776	321	2,462	1,259	1,203	718	1,693	27	154	23	595	8	20	745	1,881	8	205	23	376
2018	동대문구	협회 및 단체 수리 및 기타 개인 서비스업	2,581	1,161	5,466	2,919	2,547	2,020	3,271	35	465	130	606	396	1,124	2,488	4,807	16	163	77	496
2018	중랑구	합계	28,024	9,410	103,016	53,541	49,475	24,887	59,291	1,873	25,671	457	14,753	807	3,301	27,074	83,969	151	7,108	799	11,939
2018	중랑구	광업	1	1	3	2	1	-	-	1	3	-	-	-	-	1	3	-	-	-	-
2018	중랑구	제조업	3,384	1,024	15,250	6,303	8,947	3,143	12,787	230	2,318	10	126	1	19	3,332	14,534	24	460	28	256
2018	중랑구	전기 가스 증기 및 공기조절 공급업	6	-	109	70	39	1	1	4	42	1	66	-	-	5	43	-	-	1	66
2018	중랑구	수도 하수 및 폐기물 처리 원료 재생업	23	4	228	199	29	7	16	12	202	4	10	-	-	22	215	-	-	1	13
2018	중랑구	건설업	912	127	6,006	5,297	709	666	1,998	244	3,992	2	16	-	-	882	5,295	15	546	15	165
2018	중랑구	도매 및 소매업	5,296	2,074	16,071	8,417	7,654	4,593	10,228	686	5,415	15	424	2	4	5,002	12,546	42	857	252	2,668
2018	중랑구	운수 및 창고업	6,550	240	13,092	12,505	587	6,433	6,963	92	5,468	24	658	1	3	6,502	11,321	5	650	43	1,121
2018	중랑구	숙박 및 음식점업	4,152	2,490	11,212	4,292	6,920	4,064	10,224	82	956	2	11	4	21	4,085	10,342	5	47	62	823
2018	중랑구	정보통신업	135	28	1,027	668	359	69	195	59	656	7	176	-	-	121	618	-	-	14	409
2018	중랑구	금융 및 보험업	162	29	1,800	745	1,055	38	104	76	1,127	48	569	-	-	65	303	10	153	87	1,344
2018	중랑구	부동산업	1,085	396	2,921	1,890	1,031	860	1,309	85	844	11	65	129	703	1,049	2,220	3	424	33	277
2018	중랑구	전문 과학 및 기술 서비스업	336	66	1,643	998	645	223	615	84	833	27	191	2	4	291	956	13	459	32	228
2018	중랑구	사업시설 관리 사업 지원 및 임대 서비스업	321	77	2,853	1,560	1,293	191	520	113	2,209	10	96	7	28	264	1,335	13	938	44	580
2018	중랑구	공공행정 국방 및 사회보장 행정	47	8	3,471	2,358	1,113	-	-	-	-	47	3,471	-	-	47	3,471	-	-	-	-
2018	중랑구	교육 서비스업	936	575	7,773	2,363	5,410	781	2,284	53	959	76	4,271	26	259	876	5,471	8	712	52	1,590
2018	중랑구	보건업 및 사회복지 서비스업	999	445	11,920	2,203	9,717	833	6,963	7	131	64	3,931	95	895	947	8,394	8	1,841	44	1,685
2018	중랑구	예술 스포츠 및 여가관련 서비스업	940	397	2,484	1,300	1,184	856	1,757	12	106	23	379	49	242	921	2,115	-	-	19	369
2018	중랑구	협회 및 단체 수리 및 기타 개인 서비스업	2,739	1,429	5,153	2,371	2,782	2,129	3,327	33	410	86	293	491	1,123	2,662	4,787	5	21	72	345
2018	성북구	합계	23,287	8,831	108,201	52,719	55,482	20,017	49,070	1,770	24,711	737	30,014	763	4,406	22,165	75,185	214	14,586	908	18,430
2018	성북구	제조업	2,214	621	8,140	3,697	4,443	2,086	7,102	125	1,027	3	11	-	-	2,194	7,835	11	254	9	51
2018	성북구	전기 가스 증기 및 공기조절 공급업	5	-	10	10	1	1	1	4	9	-	-	-	-	4	5	-	-	1	5
2018	성북구	수도 하수 및 폐기물 처리 원료 재생업	11	2	178	160	18	3	4	7	172	1	2	-	-	11	178	-	-	-	-
2018	성북구	건설업	554	75	3,934	3,258	676	391	1,028	161	2,869	2	37	-	-	534	3,166	11	614	9	154
2018	성북구	도매 및 소매업	4,805	1,961	15,159	7,615	7,544	4,154	9,392	632	5,688	19	79	-	-	4,516	11,798	61	1,077	228	2,284
2018	성북구	운수 및 창고업	3,080	127	6,058	5,642	416	3,030	3,284	38	2,620	11	151	1	3	3,062	5,192	4	646	14	220
2018	성북구	숙박 및 음식점업	4,463	2,474	13,397	5,321	8,076	4,262	11,504	187	1,796	13	96	1	1	4,309	11,771	9	118	145	1,508
2018	성북구	정보통신업	235	37	1,877	1,236	641	107	242	111	1,171	16	461	1	3	215	1,103	6	361	14	413
2018	성북구	금융 및 보험업	145	21	1,512	713	799	24	67	66	973	54	470	1	2	42	172	12	167	91	1,173
2018	성북구	부동산업	1,125	450	2,708	1,675	1,033	914	1,325	64	450	22	74	125	859	1,093	2,407	7	32	25	269
2018	성북구	전문 과학 및 기술 서비스업	478	83	4,328	2,630	1,698	285	745	142	1,731	38	1,811	13	41	431	1,978	17	1,938	30	412
2018	성북구	사업시설 관리 사업 지원 및 임대 서비스업	254	80	5,255	2,773	2,482	155	408	90	4,486	9	361	-	-	221	2,257	12	2,246	21	752
2018	성북구	공공행정 국방 및 사회보장 행정	52	5	3,301	2,210	1,091	-	-	-	-	52	3,301	-	-	51	3,295	-	-	1	6
2018	성북구	교육 서비스업	1,382	813	21,481	9,389	12,092	1,094	3,175	83	1,058	184	17,119	21	129	1,223	8,163	18	6,506	141	6,812
2018	성북구	보건업 및 사회복지 서비스업	1,044	459	12,835	2,353	10,482	764	5,928	8	174	142	4,767	130	1,966	958	9,041	14	232	72	3,562
2018	성북구	예술 스포츠 및 여가관련 서비스업	756	292	2,306	1,238	1,068	680	1,581	32	210	31	481	13	34	718	1,842	4	27	34	437
2018	성북구	협회 및 단체 수리 및 기타 개인 서비스업	2,684	1,331	5,722	2,799	2,923	2,067	3,284	20	277	140	793	457	1,368	2,583	4,982	28	368	73	372
2018	강북구	합계	18,918	7,065	72,418	33,306	39,112	16,673	39,762	1,185	17,397	369	11,205	691	4,054	18,134	58,857	95	2,036	689	11,525
2018	강북구	제조업	1,444	384	5,903	2,563	3,340	1,367	5,140	74	715	3	48	-	-	1,430	5,661	7	164	7	78
2018	강북구	전기 가스 증기 및 공기조절 공급업	2	1	84	57	27	1	1	-	-	1	83	-	-	1	1	-	-	1	83
2018	강북구	수도 하수 및 폐기물 처리 원료 재생업	8	1	340	277	63	1	1	6	174	1	165	-	-	8	340	-	-	-	-
2018	강북구	건설업	506	63	2,133	1,783	350	386	858	120	1,275	-	-	-	-	496	1,959	3	22	7	152
2018	강북구	도매 및 소매업	3,768	1,591	10,625	5,260	5,365	3,349	7,352	391	3,170	17	73	11	30	3,558	8,589	25	252	185	1,784
2018	강북구	운수 및 창고업	3,218	134	6,625	6,330	295	3,160	3,487	36	2,877	21	260	1	1	3,184	5,440	5	696	29	489
2018	강북구	숙박 및 음식점업	3,719	2,167	10,674	4,222	6,452	3,615	9,589	92	1,048	10	30	2	7	3,638	9,792	4	28	77	854
2018	강북구	정보통신업	103	17	682	365	317	49	130	44	423	10	129	-	-	88	366	4	67	11	249
2018	강북구	금융 및 보험업	267	67	4,074	917	3,157	66	198	171	3,514	30	362	-	-	93	489	5	118	169	3,467
2018	강북구	부동산업	807	301	1,782	1,104	678	671	1,017	55	286	7	17	74	462	788	1,655	4	20	15	107
2018	강북구	전문 과학 및 기술 서비스업	293	45	1,185	640	545	224	759	47	273	22	153	-	-	263	968	9	56	21	161
2018	강북구	사업시설 관리 사업 지원 및 임대 서비스업	216	74	3,440	1,303	2,137	132	351	77	2,787	5	280	2	22	179	2,108	8	127	29	1,205
2018	강북구	공공행정 국방 및 사회보장 행정	44	1	3,265	1,904	1,361	-	-	-	-	44	3,265	-	-	43	3,259	-	-	1	6
2018	강북구	교육 서비스업	684	399	5,871	1,857	4,014	565	1,453	33	431	66	3,806	20	181	633	3,896	10	345	41	1,630
2018	강북구	보건업 및 사회복지 서비스업	813	303	9,195	1,617	7,578	590	4,991	2	15	59	1,780	162	2,409	771	8,617	5	27	37	551
2018	강북구	예술 스포츠 및 여가관련 서비스업	741	355	2,037	1,089	948	690	1,415	16	108	24	486	11	28	717	1,563	1	8	23	466
2018	강북구	협회 및 단체 수리 및 기타 개인 서비스업	2,285	1,162	4,503	2,018	2,485	1,807	3,020	21	301	49	268	408	914	2,244	4,154	5	106	36	243
2018	도봉구	합계	18,894	6,320	74,314	38,646	35,668	16,629	37,002	1,143	18,253	344	13,941	778	5,118	18,205	60,746	85	2,596	604	10,972
2018	도봉구	농업 임업 및 어업	1	-	3	3	-	-	-	1	3	-	-	-	-	1	3	-	-	-	-
2018	도봉구	제조업	1,020	276	4,137	2,017	2,120	936	3,407	82	717	2	13	-	-	1,010	4,037	5	44	5	56
2018	도봉구	전기 가스 증기 및 공기조절 공급업	1	-	1	1	-	1	1	-	-	-	-	-	-	1	1	-	-	-	-
2018	도봉구	수도 하수 및 폐기물 처리 원료 재생업	9	3	110	86	24	1	5	8	105	-	-	-	-	8	108	-	-	1	2
2018	도봉구	건설업	495	84	3,402	2,712	690	358	943	136	2,453	1	6	-	-	480	3,081	6	79	9	242
2018	도봉구	도매 및 소매업	3,455	1,421	10,983	5,477	5,506	3,017	6,989	416	3,808	21	179	1	7	3,232	8,352	17	209	206	2,422
2018	도봉구	운수 및 창고업	5,099	153	10,030	9,607	423	5,036	5,195	51	4,671	12	164	-	-	5,079	9,274	2	348	18	408
2018	도봉구	숙박 및 음식점업	2,751	1,592	7,906	2,946	4,960	2,664	7,054	79	748	7	90	1	14	2,692	7,350	6	45	53	511
2018	도봉구	정보통신업	82	11	757	538	219	47	134	27	285	7	335	1	3	77	666	1	6	4	85
2018	도봉구	금융 및 보험업	134	25	1,281	538	743	45	151	66	805	23	325	-	-	59	238	4	102	71	941
2018	도봉구	부동산업	796	325	2,768	1,786	982	602	970	41	665	3	31	150	1,102	773	2,297	2	293	21	178
2018	도봉구	전문 과학 및 기술 서비스업	347	55	1,773	954	819	273	921	47	637	25	204	2	11	310	1,140	13	367	24	266
2018	도봉구	사업시설 관리 사업 지원 및 임대 서비스업	181	62	1,841	1,186	655	104	273	73	1,548	3	17	1	3	149	643	6	847	26	351
2018	도봉구	공공행정 국방 및 사회보장 행정	38	1	3,872	2,359	1,513	-	-	-	-	38	3,872	-	-	38	3,872	-	-	-	-
2018	도봉구	교육 서비스업	962	568	7,537	2,450	5,087	792	2,032	64	791	70	4,328	36	386	897	5,484	8	46	57	2,007
2018	도봉구	보건업 및 사회복지 서비스업	837	405	11,640	2,662	8,978	623	5,153	5	84	67	3,790	142	2,613	777	8,966	7	84	53	2,590
2018	도봉구	예술 스포츠 및 여가관련 서비스업	622	280	1,907	999	908	584	1,407	11	74	11	360	16	66	610	1,554	1	2	11	351
2018	도봉구	협회 및 단체 수리 및 기타 개인 서비스업	2,064	1,059	4,366	2,325	2,041	1,546	2,367	36	859	54	227	428	913	2,012	3,680	7	124	45	562
2018	노원구	합계	26,616	9,479	118,713	56,183	62,530	22,914	53,796	2,080	30,136	602	27,437	1,020	7,344	25,178	85,605	176	8,233	1,262	24,875
2018	노원구	농업 임업 및 어업	1	-	1	1	-	-	-	-	-	1	1	-	-	-	-	-	-	1	1
2018	노원구	제조업	858	229	3,720	1,954	1,766	708	2,276	144	1,271	4	112	2	61	829	3,324	22	242	7	154
2018	노원구	전기 가스 증기 및 공기조절 공급업	6	-	311	272	39	1	1	2	158	3	152	-	-	1	1	-	-	5	310
2018	노원구	수도 하수 및 폐기물 처리 원료 재생업	11	3	214	184	30	2	17	9	197	-	-	-	-	10	147	-	-	1	67
2018	노원구	건설업	551	112	2,507	1,945	562	391	998	160	1,509	-	-	-	-	539	2,369	5	56	7	82
2018	노원구	도매 및 소매업	5,030	2,275	15,757	7,331	8,426	4,286	10,184	720	5,467	21	92	3	14	4,580	11,800	40	453	410	3,504
2018	노원구	운수 및 창고업	6,598	250	12,573	11,952	621	6,500	6,689	60	4,821	38	1,063	-	-	6,544	9,580	6	719	48	2,274
2018	노원구	숙박 및 음식점업	4,191	2,319	14,443	5,589	8,854	3,990	12,063	177	2,254	14	92	10	34	4,039	12,497	7	41	145	1,905
2018	노원구	정보통신업	156	42	1,242	769	473	70	150	72	711	13	378	1	3	140	820	2	17	14	405
2018	노원구	금융 및 보험업	236	53	4,253	1,242	3,011	32	79	171	3,655	32	515	1	4	48	453	3	19	185	3,781
2018	노원구	부동산업	1,231	473	4,289	2,837	1,452	865	1,505	75	543	15	167	276	2,074	1,195	3,936	3	64	33	289
2018	노원구	전문 과학 및 기술 서비스업	438	76	3,259	1,527	1,732	276	736	128	1,833	33	689	1	1	383	1,702	23	1,138	32	419
2018	노원구	사업시설 관리 사업 지원 및 임대 서비스업	317	105	4,602	2,305	2,297	191	541	113	3,873	8	89	5	99	275	3,074	13	964	29	564
2018	노원구	공공행정 국방 및 사회보장 행정	38	7	3,141	1,991	1,150	-	-	-	-	38	3,141	-	-	37	3,068	-	-	1	73
2018	노원구	교육 서비스업	1,950	1,047	21,138	8,457	12,681	1,562	4,906	171	2,716	174	13,011	43	505	1,763	12,944	31	1,957	156	6,237
2018	노원구	보건업 및 사회복지 서비스업	1,454	705	18,684	3,670	15,014	1,157	8,085	14	433	123	7,004	160	3,162	1,342	12,151	15	2,497	97	4,036
2018	노원구	예술 스포츠 및 여가관련 서비스업	934	388	3,078	1,721	1,357	866	2,064	32	250	22	702	14	62	901	2,653	2	12	31	413
2018	노원구	협회 및 단체 수리 및 기타 개인 서비스업	2,616	1,395	5,501	2,436	3,065	2,017	3,502	32	445	63	229	504	1,325	2,552	5,086	4	54	60	361
2018	은평구	합계	24,873	9,548	90,049	42,452	47,597	21,682	48,230	1,693	20,060	593	16,904	905	4,855	23,784	72,278	135	4,098	954	13,673
2018	은평구	제조업	899	245	3,041	1,580	1,461	791	2,191	94	673	12	171	2	6	878	2,684	7	184	14	173
2018	은평구	전기 가스 증기 및 공기조절 공급업	6	1	159	125	34	1	1	1	57	4	101	-	-	3	9	-	-	3	150
2018	은평구	수도 하수 및 폐기물 처리 원료 재생업	15	4	255	216	39	4	10	11	245	-	-	-	-	14	223	-	-	1	32
2018	은평구	건설업	635	109	4,053	3,398	655	393	840	239	3,206	3	7	-	-	617	3,830	8	83	10	140
2018	은평구	도매 및 소매업	4,984	2,237	15,264	7,031	8,233	4,337	9,757	620	4,946	26	558	1	3	4,601	11,490	31	645	352	3,129
2018	은평구	운수 및 창고업	5,214	195	8,898	8,319	579	5,152	5,344	42	3,172	20	382	-	-	5,183	7,001	5	1,183	26	714
2018	은평구	숙박 및 음식점업	4,273	2,458	12,317	4,783	7,534	4,094	10,674	155	1,561	17	66	7	16	4,141	10,969	7	48	125	1,300
2018	은평구	정보통신업	157	44	1,201	767	434	88	188	51	653	17	358	1	2	146	841	1	163	10	197
2018	은평구	금융 및 보험업	164	32	2,324	823	1,501	21	109	96	1,680	47	535	-	-	36	271	12	179	116	1,874
2018	은평구	부동산업	1,471	630	3,291	1,857	1,434	1,208	1,740	84	578	22	79	157	894	1,443	3,019	6	36	22	236
2018	은평구	전문 과학 및 기술 서비스업	369	70	1,710	975	735	271	709	65	535	29	453	4	13	338	1,414	12	132	19	164
2018	은평구	사업시설 관리 사업 지원 및 임대 서비스업	249	81	1,741	919	822	145	352	90	1,180	10	200	4	9	217	1,128	5	185	27	428
2018	은평구	공공행정 국방 및 사회보장 행정	51	4	3,879	2,473	1,406	-	-	-	-	51	3,879	-	-	49	3,401	1	447	1	31
2018	은평구	교육 서비스업	1,469	900	10,058	3,132	6,926	1,250	3,236	69	737	123	5,884	27	201	1,386	7,126	18	576	65	2,356
2018	은평구	보건업 및 사회복지 서비스업	1,190	543	13,963	2,393	11,570	938	8,130	5	76	111	3,551	136	2,206	1,107	11,891	13	89	70	1,983
2018	은평구	예술 스포츠 및 여가관련 서비스업	810	360	2,277	1,178	1,099	741	1,515	36	343	17	318	16	101	784	1,819	4	123	22	335
2018	은평구	협회 및 단체 수리 및 기타 개인 서비스업	2,917	1,635	5,618	2,483	3,135	2,248	3,434	35	418	84	362	550	1,404	2,841	5,162	5	25	71	431
2018	서대문구	합계	19,796	7,394	109,490	53,956	55,534	16,286	37,645	2,167	32,694	693	35,893	650	3,258	18,527	64,909	235	13,682	1,034	30,899
2018	서대문구	농업 임업 및 어업	1	1	3	2	1	-	-	1	3	-	-	-	-	1	3	-	-	-	-
2018	서대문구	제조업	686	189	2,494	1,371	1,123	606	1,681	74	709	5	103	1	1	664	2,150	9	159	13	185
2018	서대문구	전기 가스 증기 및 공기조절 공급업	4	-	69	22	47	2	19	2	50	-	-	-	-	4	69	-	-	-	-
2018	서대문구	수도 하수 및 폐기물 처리 원료 재생업	13	2	576	463	113	5	25	6	160	2	391	-	-	12	525	1	51	-	-
2018	서대문구	건설업	506	83	3,868	3,400	468	363	896	141	2,967	2	5	-	-	493	3,198	7	520	6	150
2018	서대문구	도매 및 소매업	4,025	1,661	14,045	7,183	6,862	3,379	7,324	618	6,586	27	134	1	1	3,693	8,821	56	2,630	276	2,594
2018	서대문구	운수 및 창고업	2,903	107	5,835	5,397	438	2,809	2,958	81	2,676	11	188	2	13	2,878	5,351	7	305	18	179
2018	서대문구	숙박 및 음식점업	4,315	2,272	14,505	5,986	8,519	3,979	11,145	315	3,254	18	91	3	15	4,057	11,908	13	148	245	2,449
2018	서대문구	정보통신업	443	111	2,746	1,756	990	253	498	166	1,725	21	516	3	7	418	2,041	10	370	15	335
2018	서대문구	금융 및 보험업	181	34	4,067	2,057	2,010	19	28	114	3,414	47	621	1	4	54	745	15	1,542	112	1,780
2018	서대문구	부동산업	1,023	410	2,634	1,623	1,011	799	1,198	92	677	28	90	104	669	990	2,226	9	191	24	217
2018	서대문구	전문 과학 및 기술 서비스업	632	156	6,113	3,113	3,000	379	1,037	195	2,300	50	2,748	8	28	570	2,311	33	2,469	29	1,333
2018	서대문구	사업시설 관리 사업 지원 및 임대 서비스업	444	125	6,690	3,142	3,548	228	475	206	6,153	6	50	4	12	391	3,193	20	2,160	33	1,337
2018	서대문구	공공행정 국방 및 사회보장 행정	43	3	5,080	3,060	2,020	-	-	-	-	43	5,080	-	-	42	4,946	1	134	-	-
2018	서대문구	교육 서비스업	1,086	618	18,651	8,323	10,328	810	2,214	102	1,592	148	14,634	26	211	933	5,664	23	1,903	130	11,084
2018	서대문구	보건업 및 사회복지 서비스업	777	316	15,362	3,839	11,523	577	3,987	6	85	97	10,100	97	1,190	708	5,866	14	681	55	8,815
2018	서대문구	예술 스포츠 및 여가관련 서비스업	572	250	1,844	987	857	514	1,367	31	242	16	199	11	36	546	1,597	4	49	22	198
2018	서대문구	협회 및 단체 수리 및 기타 개인 서비스업	2,142	1,056	4,908	2,232	2,676	1,564	2,793	17	101	172	943	389	1,071	2,073	4,295	13	370	56	243
2018	마포구	합계	37,232	12,738	255,152	136,857	118,295	26,140	70,348	9,240	154,776	1,032	25,008	820	5,020	34,163	161,262	1,024	62,321	2,045	31,569
2018	마포구	농업 임업 및 어업	1	1	1	-	1	-	-	1	1	-	-	-	-	1	1	-	-	-	-
2018	마포구	제조업	1,317	370	5,350	2,772	2,578	1,042	3,000	274	2,343	1	7	-	-	1,266	4,316	32	935	19	99
2018	마포구	전기 가스 증기 및 공기조절 공급업	11	-	464	391	73	-	-	7	227	4	237	-	-	6	14	-	-	5	450
2018	마포구	수도 하수 및 폐기물 처리 원료 재생업	28	4	355	312	43	5	10	11	244	12	101	-	-	28	355	-	-	-	-
2018	마포구	건설업	1,029	193	14,703	12,306	2,397	458	1,459	568	13,238	3	6	-	-	960	10,883	45	3,389	24	431
2018	마포구	도매 및 소매업	7,655	2,758	35,083	18,130	16,953	5,126	11,983	2,489	22,880	38	212	2	8	6,783	21,935	276	7,262	596	5,886
2018	마포구	운수 및 창고업	2,987	201	12,398	8,859	3,539	2,366	2,811	586	8,612	32	961	3	14	2,849	8,211	81	2,898	57	1,289
2018	마포구	숙박 및 음식점업	8,429	3,733	31,288	14,187	17,101	7,630	23,925	773	7,217	13	87	13	59	7,902	26,159	74	786	453	4,343
2018	마포구	정보통신업	2,487	476	37,909	23,635	14,274	987	2,709	1,445	33,794	49	1,384	6	22	2,321	21,355	89	11,839	77	4,715
2018	마포구	금융 및 보험업	505	68	10,751	4,858	5,893	60	104	377	9,404	66	1,237	2	6	233	2,365	33	2,851	239	5,535
2018	마포구	부동산업	1,918	639	5,932	3,719	2,213	1,400	2,363	332	2,295	28	190	158	1,084	1,818	4,962	26	339	74	631
2018	마포구	전문 과학 및 기술 서비스업	2,632	574	20,741	12,531	8,210	1,309	3,524	1,157	15,747	162	1,465	4	5	2,347	11,452	171	7,936	114	1,353
2018	마포구	사업시설 관리 사업 지원 및 임대 서비스업	1,069	323	34,430	17,139	17,291	332	1,079	710	32,838	16	409	11	104	915	15,247	73	17,643	81	1,540
2018	마포구	공공행정 국방 및 사회보장 행정	57	7	4,671	2,741	1,930	-	-	-	-	57	4,671	-	-	55	4,160	-	-	2	511
2018	마포구	교육 서비스업	1,742	944	15,637	6,156	9,481	1,318	4,108	259	3,296	125	7,757	40	476	1,589	9,542	34	3,728	119	2,367
2018	마포구	보건업 및 사회복지 서비스업	1,184	502	10,902	1,816	9,086	952	6,213	13	102	93	2,692	126	1,895	1,118	8,715	19	1,283	47	904
2018	마포구	예술 스포츠 및 여가관련 서비스업	1,061	403	4,794	2,718	2,076	846	2,230	162	1,462	32	1,007	21	95	985	3,626	17	534	59	634
2018	마포구	협회 및 단체 수리 및 기타 개인 서비스업	3,120	1,542	9,743	4,587	5,156	2,309	4,830	76	1,076	301	2,585	434	1,252	2,987	7,964	54	898	79	881
2018	양천구	합계	26,126	9,725	123,311	65,377	57,934	21,777	52,072	2,910	44,019	490	20,950	949	6,270	24,810	95,354	265	9,305	1,051	18,652
2018	양천구	제조업	1,150	321	4,926	2,519	2,407	981	3,192	167	1,712	2	22	-	-	1,121	4,509	15	313	14	104
2018	양천구	전기 가스 증기 및 공기조절 공급업	2	-	266	191	75	-	-	-	-	2	266	-	-	-	-	1	182	1	84
2018	양천구	수도 하수 및 폐기물 처리 원료 재생업	20	3	473	386	87	2	4	16	298	2	171	-	-	16	382	2	8	2	83
2018	양천구	건설업	828	147	10,437	9,064	1,373	508	1,595	320	8,842	-	-	-	-	807	8,568	11	1,767	10	102
2018	양천구	도매 및 소매업	5,259	2,160	17,547	9,068	8,479	4,291	9,878	945	7,547	21	109	2	13	4,886	13,190	62	835	311	3,522
2018	양천구	운수 및 창고업	5,053	290	12,806	11,870	936	4,829	5,221	209	6,682	15	903	-	-	5,006	10,486	20	928	27	1,392
2018	양천구	숙박 및 음식점업	3,604	2,092	12,092	4,446	7,646	3,408	9,822	185	2,218	7	27	4	25	3,450	10,273	7	58	147	1,761
2018	양천구	정보통신업	273	64	5,094	3,491	1,603	109	342	153	4,024	11	728	-	-	242	2,415	13	2,165	18	514
2018	양천구	금융 및 보험업	209	38	2,549	1,022	1,527	31	49	139	1,995	39	505	-	-	61	201	9	117	139	2,231
2018	양천구	부동산업	1,254	576	3,571	2,250	1,321	966	1,458	96	538	8	63	184	1,512	1,211	3,192	9	99	34	280
2018	양천구	전문 과학 및 기술 서비스업	736	122	3,232	1,783	1,449	523	1,571	152	1,071	55	579	6	11	658	2,475	31	342	47	415
2018	양천구	사업시설 관리 사업 지원 및 임대 서비스업	336	111	5,260	3,209	2,051	154	401	167	4,584	11	257	4	18	281	2,542	26	1,293	29	1,425
2018	양천구	공공행정 국방 및 사회보장 행정	48	2	6,609	4,435	2,174	-	-	-	-	47	6,376	1	233	47	6,519	-	-	1	90
2018	양천구	교육 서비스업	2,376	1,298	14,974	4,937	10,037	1,988	5,350	254	3,364	102	5,927	32	333	2,209	11,416	29	594	138	2,964
2018	양천구	보건업 및 사회복지 서비스업	1,203	552	14,213	2,357	11,856	948	7,406	14	230	62	3,904	179	2,673	1,150	11,221	8	262	45	2,730
2018	양천구	예술 스포츠 및 여가관련 서비스업	931	422	3,104	1,543	1,561	842	1,946	46	427	18	512	25	219	896	2,532	6	75	29	497
2018	양천구	협회 및 단체 수리 및 기타 개인 서비스업	2,844	1,527	6,158	2,806	3,352	2,197	3,837	47	487	88	601	512	1,233	2,769	5,433	16	267	59	458
2018	강서구	합계	38,524	13,335	248,204	136,215	111,989	29,267	72,521	7,247	145,632	763	21,991	1,247	8,060	35,890	150,157	572	52,809	2,062	45,238
2018	강서구	농업 임업 및 어업	1	-	26	23	3	-	-	-	-	1	26	-	-	1	26	-	-	-	-
2018	강서구	광업	1	-	1	1	-	-	-	1	1	-	-	-	-	1	1	-	-	-	-
2018	강서구	제조업	1,257	321	7,311	4,160	3,151	905	2,803	347	4,412	5	96	-	-	1,200	5,871	30	1,041	27	399
2018	강서구	전기 가스 증기 및 공기조절 공급업	8	1	466	404	62	1	1	4	355	3	110	-	-	4	14	1	342	3	110
2018	강서구	수도 하수 및 폐기물 처리 원료 재생업	45	4	673	579	94	6	31	32	625	7	17	-	-	36	554	2	33	7	86
2018	강서구	건설업	1,214	181	14,875	12,634	2,241	547	1,558	666	13,312	1	5	-	-	1,140	13,246	29	556	45	1,073
2018	강서구	도매 및 소매업	9,079	3,391	37,641	20,392	17,249	6,421	15,032	2,626	22,366	29	227	3	16	8,283	26,089	151	5,585	645	5,967
2018	강서구	운수 및 창고업	7,317	411	52,138	33,284	18,854	6,496	7,188	752	43,295	66	1,650	3	5	7,080	17,740	89	29,704	148	4,694
2018	강서구	숙박 및 음식점업	5,900	3,263	21,475	8,042	13,433	5,521	16,714	369	4,696	4	28	6	37	5,609	17,702	17	246	274	3,527
2018	강서구	정보통신업	830	126	11,108	7,944	3,164	277	790	541	10,061	10	253	2	4	777	6,523	21	3,752	32	833
2018	강서구	금융 및 보험업	337	64	3,996	1,623	2,373	44	132	241	3,056	52	808	-	-	130	821	14	413	193	2,762
2018	강서구	부동산업	2,088	787	7,464	4,567	2,897	1,437	2,558	370	3,175	16	193	265	1,538	1,938	5,271	14	927	136	1,266
2018	강서구	전문 과학 및 기술 서비스업	1,256	220	23,116	16,522	6,594	616	1,660	568	20,002	65	1,445	7	9	1,022	4,410	94	3,620	140	15,086
2018	강서구	사업시설 관리 사업 지원 및 임대 서비스업	686	180	17,365	9,163	8,202	260	993	408	15,807	11	509	7	56	541	10,357	51	4,579	94	2,429
2018	강서구	공공행정 국방 및 사회보장 행정	57	6	3,474	2,168	1,306	-	-	-	-	57	3,474	-	-	55	3,173	1	220	1	81
2018	강서구	교육 서비스업	1,844	1,132	14,257	4,697	9,560	1,547	4,725	132	1,713	142	7,575	23	244	1,719	10,526	17	634	108	3,097
2018	강서구	보건업 및 사회복지 서비스업	1,582	751	19,576	3,287	16,289	1,253	10,702	11	425	106	4,001	212	4,448	1,496	16,724	15	559	71	2,293
2018	강서구	예술 스포츠 및 여가관련 서비스업	1,227	532	3,851	1,992	1,859	1,073	2,370	70	662	36	584	48	235	1,179	3,182	6	144	42	525
2018	강서구	협회 및 단체 수리 및 기타 개인 서비스업	3,795	1,965	9,391	4,733	4,658	2,863	5,264	109	1,669	152	990	671	1,468	3,679	7,927	20	454	96	1,010
2018	구로구	합계	38,553	11,356	218,070	124,793	93,277	27,974	65,678	9,019	126,214	674	19,417	886	6,761	36,035	151,880	729	39,712	1,789	26,478
2018	구로구	농업 임업 및 어업	1	-	1	1	-	-	-	1	1	-	-	-	-	1	1	-	-	-	-
2018	구로구	광업	1	-	1	1	-	-	-	1	1	-	-	-	-	1	1	-	-	-	-
2018	구로구	제조업	3,677	543	17,612	12,296	5,316	2,728	7,121	939	10,398	7	80	3	13	3,537	14,788	75	2,027	65	797
2018	구로구	전기 가스 증기 및 공기조절 공급업	8	-	104	97	7	-	-	7	99	1	5	-	-	6	9	1	90	1	5
2018	구로구	수도 하수 및 폐기물 처리 원료 재생업	22	1	389	301	88	3	9	12	260	7	120	-	-	18	142	3	140	1	107
2018	구로구	건설업	1,009	148	12,033	10,444	1,589	516	1,556	490	10,462	2	7	1	8	958	9,374	31	2,439	20	220
2018	구로구	도매 및 소매업	12,100	3,497	40,438	24,426	16,012	8,443	17,711	3,630	22,566	21	137	6	24	11,138	31,305	252	4,335	710	4,798
2018	구로구	운수 및 창고업	4,891	225	9,160	8,352	808	4,725	5,098	129	2,683	34	1,345	3	34	4,828	6,870	15	624	48	1,666
2018	구로구	숙박 및 음식점업	4,664	2,712	15,178	5,485	9,693	4,416	12,586	236	2,529	9	45	3	18	4,473	13,249	14	127	177	1,802
2018	구로구	정보통신업	2,108	287	30,068	21,416	8,652	457	1,260	1,627	28,398	20	396	4	14	1,962	23,523	86	5,545	60	1,000
2018	구로구	금융 및 보험업	498	94	8,238	3,075	5,163	106	193	319	7,199	72	845	1	1	231	1,102	25	1,207	242	5,929
2018	구로구	부동산업	1,373	487	4,386	2,713	1,673	922	1,488	232	1,351	9	37	210	1,510	1,314	3,815	8	67	51	504
2018	구로구	전문 과학 및 기술 서비스업	1,567	224	15,674	10,934	4,740	735	2,378	731	11,702	98	1,591	3	3	1,335	9,080	118	4,655	114	1,939
2018	구로구	사업시설 관리 사업 지원 및 임대 서비스업	705	199	25,341	11,185	14,156	277	719	401	24,400	11	82	16	140	563	7,167	50	15,710	92	2,464
2018	구로구	공공행정 국방 및 사회보장 행정	46	6	4,059	2,733	1,326	-	-	-	-	46	4,059	-	-	45	4,048	-	-	1	11
2018	구로구	교육 서비스업	1,231	683	10,747	3,801	6,946	945	2,571	146	2,473	107	5,364	33	339	1,145	7,696	21	1,786	65	1,265
2018	구로구	보건업 및 사회복지 서비스업	1,123	528	14,882	2,542	12,340	875	7,533	7	165	80	4,127	161	3,057	1,080	11,591	11	451	32	2,840
2018	구로구	예술 스포츠 및 여가관련 서비스업	916	383	2,617	1,432	1,185	834	1,810	39	372	30	357	13	78	880	2,233	3	86	33	298
2018	구로구	협회 및 단체 수리 및 기타 개인 서비스업	2,613	1,339	7,142	3,559	3,583	1,992	3,645	72	1,155	120	820	429	1,522	2,520	5,886	16	423	77	833
2018	금천구	합계	32,472	8,955	234,012	145,099	88,913	20,362	54,334	10,860	164,699	577	11,121	673	3,858	29,780	163,610	964	41,687	1,728	28,715
2018	금천구	농업 임업 및 어업	2	-	8	6	2	-	-	2	8	-	-	-	-	2	8	-	-	-	-
2018	금천구	제조업	5,399	1,032	40,430	25,748	14,682	3,312	12,437	2,076	27,813	11	180	-	-	5,072	32,510	191	5,987	136	1,933
2018	금천구	전기 가스 증기 및 공기조절 공급업	6	-	10	9	1	3	3	3	7	-	-	-	-	6	10	-	-	-	-
2018	금천구	수도 하수 및 폐기물 처리 원료 재생업	27	1	266	240	26	5	6	15	184	7	76	-	-	24	227	2	37	1	2
2018	금천구	건설업	1,132	164	17,882	15,662	2,220	494	1,583	636	16,295	2	4	-	-	1,047	13,305	46	3,985	39	592
2018	금천구	도매 및 소매업	9,091	2,719	40,952	24,201	16,751	5,656	12,612	3,416	28,286	17	47	2	7	8,199	28,218	285	7,612	607	5,122
2018	금천구	운수 및 창고업	2,818	167	9,064	7,863	1,201	2,562	3,552	224	5,238	27	244	5	30	2,724	6,613	20	733	74	1,718
2018	금천구	숙박 및 음식점업	3,350	1,981	11,033	3,687	7,346	3,165	9,106	178	1,894	2	7	5	26	3,210	9,557	8	234	132	1,242
2018	금천구	정보통신업	2,625	348	37,711	26,588	11,123	578	1,744	2,037	35,897	10	70	-	-	2,415	25,483	113	7,722	97	4,506
2018	금천구	금융 및 보험업	228	35	2,402	1,195	1,207	33	79	145	1,696	48	625	2	2	112	586	12	242	104	1,574
2018	금천구	부동산업	1,035	310	3,147	2,117	1,030	706	1,119	262	1,667	5	16	62	345	964	2,387	20	190	51	570
2018	금천구	전문 과학 및 기술 서비스업	2,186	298	27,977	19,380	8,597	837	2,965	1,229	23,123	115	1,871	5	18	1,796	15,093	169	7,321	221	5,563
2018	금천구	사업시설 관리 사업 지원 및 임대 서비스업	669	154	20,454	9,748	10,706	217	695	400	19,141	14	219	38	399	507	11,011	49	5,694	113	3,749
2018	금천구	공공행정 국방 및 사회보장 행정	33	4	2,474	1,462	1,012	-	-	-	-	33	2,474	-	-	30	2,429	-	-	3	45
2018	금천구	교육 서비스업	702	348	6,307	2,088	4,219	481	1,413	118	1,773	79	2,818	24	303	641	4,514	23	1,024	38	769
2018	금천구	보건업 및 사회복지 서비스업	685	273	7,162	1,243	5,919	443	3,614	7	96	57	1,457	178	1,995	645	6,232	8	358	32	572
2018	금천구	예술 스포츠 및 여가관련 서비스업	599	288	1,541	824	717	540	1,051	35	321	14	145	10	24	577	1,315	1	8	21	218
2018	금천구	협회 및 단체 수리 및 기타 개인 서비스업	1,885	833	5,192	3,038	2,154	1,330	2,355	77	1,260	136	868	342	709	1,809	4,112	17	540	59	540
2018	영등포구	합계	42,589	12,870	367,557	212,718	154,839	30,141	73,210	10,218	237,812	1,269	49,055	961	7,480	38,921	195,247	1,203	124,917	2,465	47,393
2018	영등포구	광업	3	-	13	6	7	-	-	3	13	-	-	-	-	3	13	-	-	-	-
2018	영등포구	제조업	3,957	576	13,577	9,589	3,988	3,374	8,028	578	5,440	5	109	-	-	3,841	11,415	63	1,315	53	847
2018	영등포구	전기 가스 증기 및 공기조절 공급업	11	1	781	563	218	-	-	7	249	4	532	-	-	4	44	2	201	5	536
2018	영등포구	수도 하수 및 폐기물 처리 원료 재생업	21	1	438	398	40	5	8	13	323	3	107	-	-	19	365	1	61	1	12
2018	영등포구	건설업	1,319	219	23,195	20,144	3,051	601	1,593	716	21,594	1	7	1	1	1,233	12,852	48	9,044	38	1,299
2018	영등포구	도매 및 소매업	11,068	3,432	52,863	31,401	21,462	7,795	16,220	3,223	35,948	42	659	8	36	10,050	30,852	323	14,224	695	7,787
2018	영등포구	운수 및 창고업	4,164	207	11,414	8,844	2,570	3,731	4,178	338	5,987	87	1,186	8	63	3,982	7,435	67	2,335	115	1,644
2018	영등포구	숙박 및 음식점업	6,897	3,798	27,163	10,114	17,049	6,194	18,544	684	8,471	15	123	4	25	6,330	20,257	41	418	526	6,488
2018	영등포구	정보통신업	1,749	294	30,827	22,424	8,403	525	1,270	1,194	24,821	26	4,725	4	11	1,629	17,904	69	11,243	51	1,680
2018	영등포구	금융 및 보험업	1,242	172	56,551	33,405	23,146	171	319	947	47,827	123	8,397	1	8	742	10,456	114	34,570	386	11,525
2018	영등포구	부동산업	1,911	586	8,762	5,861	2,901	1,236	2,123	399	4,245	31	255	245	2,139	1,805	5,950	41	1,559	65	1,253
2018	영등포구	전문 과학 및 기술 서비스업	2,393	380	32,357	21,475	10,882	1,026	3,009	1,113	21,923	242	7,361	12	64	2,018	13,291	193	16,673	182	2,393
2018	영등포구	사업시설 관리 사업 지원 및 임대 서비스업	1,110	279	57,524	27,060	30,464	401	930	676	56,222	20	270	13	102	891	23,514	105	29,327	114	4,683
2018	영등포구	공공행정 국방 및 사회보장 행정	70	12	9,922	5,994	3,928	-	-	-	-	70	9,922	-	-	68	9,908	-	-	2	14
2018	영등포구	교육 서비스업	1,260	670	8,754	2,892	5,862	947	2,554	146	1,513	121	4,335	46	352	1,175	6,898	24	875	61	981
2018	영등포구	보건업 및 사회복지 서비스업	1,208	468	17,253	3,705	13,548	943	8,006	8	224	83	6,634	174	2,389	1,146	12,154	18	774	44	4,325
2018	영등포구	예술 스포츠 및 여가관련 서비스업	1,139	484	4,149	2,168	1,981	1,005	1,983	83	920	40	1,179	11	67	1,084	3,280	11	158	44	711
2018	영등포구	협회 및 단체 수리 및 기타 개인 서비스업	3,067	1,291	12,014	6,675	5,339	2,187	4,445	90	2,092	356	3,254	434	2,223	2,901	8,659	83	2,140	83	1,215
2018	동작구	합계	19,916	7,788	112,564	54,644	57,920	16,683	40,668	1,888	42,731	541	23,934	804	5,231	18,823	75,511	211	16,664	882	20,389
2018	동작구	제조업	614	201	2,059	1,018	1,041	548	1,376	62	587	4	96	-	-	602	1,869	4	29	8	161
2018	동작구	전기 가스 증기 및 공기조절 공급업	4	-	148	117	31	1	1	2	57	1	90	-	-	1	1	-	-	3	147
2018	동작구	수도 하수 및 폐기물 처리 원료 재생업	13	-	423	371	52	1	3	9	227	3	193	-	-	12	389	1	34	-	-
2018	동작구	건설업	568	68	7,529	5,920	1,609	398	1,092	170	6,437	-	-	-	-	554	7,235	5	24	9	270
2018	동작구	도매 및 소매업	4,564	1,841	14,773	7,771	7,002	3,929	9,173	617	5,425	17	173	1	2	4,275	11,428	67	1,383	222	1,962
2018	동작구	운수 및 창고업	2,136	98	3,124	2,887	237	2,085	2,364	33	513	16	238	2	9	2,109	2,828	1	2	26	294
2018	동작구	숙박 및 음식점업	4,141	2,204	13,130	5,335	7,795	3,957	11,416	170	1,622	7	58	7	34	4,009	11,805	9	86	123	1,239
2018	동작구	정보통신업	222	50	4,398	2,750	1,648	82	217	130	3,900	8	270	2	11	198	1,886	10	2,077	14	435
2018	동작구	금융 및 보험업	192	37	3,642	1,756	1,886	13	22	131	2,936	48	684	-	-	53	406	12	346	127	2,890
2018	동작구	부동산업	1,279	455	5,825	2,661	3,164	991	1,611	122	2,863	19	205	147	1,146	1,237	4,988	12	447	30	390
2018	동작구	전문 과학 및 기술 서비스업	428	73	6,067	3,601	2,466	246	671	146	4,375	35	1,019	1	2	365	1,723	29	3,859	34	485
2018	동작구	사업시설 관리 사업 지원 및 임대 서비스업	318	99	10,746	4,432	6,314	201	474	109	10,221	7	50	1	1	276	3,949	14	2,375	28	4,422
2018	동작구	공공행정 국방 및 사회보장 행정	43	11	3,553	2,171	1,382	-	-	-	-	43	3,553	-	-	43	3,553	-	-	-	-
2018	동작구	교육 서비스업	1,264	696	15,755	7,060	8,695	977	2,676	130	2,765	126	10,002	31	312	1,113	6,599	21	5,433	130	3,723
2018	동작구	보건업 및 사회복지 서비스업	1,015	445	13,365	2,747	10,618	759	4,886	6	173	81	5,674	169	2,632	951	10,024	11	334	53	3,007
2018	동작구	예술 스포츠 및 여가관련 서비스업	791	313	2,761	1,485	1,276	717	1,719	32	173	26	820	16	49	764	2,250	1	66	26	445
2018	동작구	협회 및 단체 수리 및 기타 개인 서비스업	2,324	1,197	5,266	2,562	2,704	1,778	2,967	19	457	100	809	427	1,033	2,261	4,578	14	169	49	519
2018	관악구	합계	26,105	9,593	113,944	58,842	55,102	22,507	55,354	2,064	31,691	598	20,188	936	6,711	24,907	86,449	197	14,452	1,001	13,043
2018	관악구	제조업	1,255	388	4,975	2,280	2,695	1,129	3,702	123	1,245	1	1	2	27	1,238	4,471	10	457	7	47
2018	관악구	수도 하수 및 폐기물 처리 원료 재생업	11	2	183	164	19	1	1	10	182	-	-	-	-	10	145	1	38	-	-
2018	관악구	건설업	696	82	7,805	6,652	1,153	469	1,233	227	6,572	-	-	-	-	678	7,205	8	356	10	244
2018	관악구	도매 및 소매업	4,991	2,181	15,166	7,538	7,628	4,275	10,116	682	4,870	30	163	4	17	4,597	11,993	45	666	349	2,507
2018	관악구	운수 및 창고업	4,218	157	6,515	6,265	250	4,167	4,420	40	1,990	11	105	-	-	4,195	5,603	5	449	18	463
2018	관악구	숙박 및 음식점업	5,561	2,980	17,541	7,415	10,126	5,367	15,019	181	1,998	12	522	1	2	5,414	15,416	14	334	133	1,791
2018	관악구	정보통신업	288	50	3,128	2,264	864	124	331	145	2,446	15	327	4	24	259	2,190	11	158	18	780
2018	관악구	금융 및 보험업	173	21	1,857	812	1,045	25	47	93	1,178	55	632	-	-	63	343	8	149	102	1,365
2018	관악구	부동산업	1,422	423	4,010	2,670	1,340	1,219	2,430	95	807	10	40	98	733	1,385	3,459	10	237	27	314
2018	관악구	전문 과학 및 기술 서비스업	606	80	4,578	2,877	1,701	350	987	149	2,628	97	935	10	28	516	2,259	26	1,338	64	981
2018	관악구	사업시설 관리 사업 지원 및 임대 서비스업	362	112	6,276	3,602	2,674	208	589	135	5,492	10	148	9	47	304	2,943	11	1,610	47	1,723
2018	관악구	공공행정 국방 및 사회보장 행정	48	6	3,336	2,063	1,273	-	-	-	-	48	3,336	-	-	48	3,336	-	-	-	-
2018	관악구	교육 서비스업	1,191	667	16,210	7,160	9,050	944	2,821	99	1,285	112	11,910	36	194	1,097	6,755	21	8,109	73	1,346
2018	관악구	보건업 및 사회복지 서비스업	1,178	491	12,906	2,339	10,567	906	7,297	7	242	69	1,202	196	4,165	1,121	11,917	9	205	48	784
2018	관악구	예술 스포츠 및 여가관련 서비스업	1,042	436	3,133	1,747	1,386	949	2,256	43	386	23	350	27	141	1,000	2,672	8	124	34	337
2018	관악구	협회 및 단체 수리 및 기타 개인 서비스업	3,063	1,517	6,325	2,994	3,331	2,374	4,105	35	370	105	517	549	1,333	2,982	5,742	10	222	71	361
2018	서초구	합계	46,540	15,063	438,733	262,517	176,216	28,784	84,802	14,596	294,811	2,129	52,265	1,031	6,855	41,520	248,426	1,801	123,802	3,219	66,505
2018	서초구	농업 임업 및 어업	3	-	37	33	4	-	-	3	37	-	-	-	-	3	37	-	-	-	-
2018	서초구	광업	4	-	30	25	5	-	-	4	30	-	-	-	-	2	4	2	26	-	-
2018	서초구	제조업	1,075	336	5,431	3,176	2,255	639	1,461	430	3,913	6	57	-	-	978	3,577	50	1,571	47	283
2018	서초구	전기 가스 증기 및 공기조절 공급업	13	1	150	117	33	-	-	9	18	3	127	1	5	10	23	-	-	3	127
2018	서초구	수도 하수 및 폐기물 처리 원료 재생업	17	1	281	256	25	1	10	13	263	3	8	-	-	13	208	2	65	2	8
2018	서초구	건설업	1,663	256	62,442	55,914	6,528	503	1,362	1,159	61,078	1	2	-	-	1,489	36,556	97	20,714	77	5,172
2018	서초구	도매 및 소매업	12,079	4,228	67,696	39,950	27,746	7,481	16,093	4,530	50,994	61	590	7	19	10,655	33,847	505	20,882	919	12,967
2018	서초구	운수 및 창고업	1,566	146	9,020	7,693	1,327	1,214	1,554	332	6,134	17	1,267	3	65	1,449	4,582	43	2,609	74	1,829
2018	서초구	숙박 및 음식점업	6,646	3,341	33,522	13,952	19,570	5,679	21,383	939	11,859	17	209	11	71	5,923	24,944	53	762	670	7,816
2018	서초구	정보통신업	2,181	331	30,389	21,445	8,944	535	1,298	1,604	28,000	39	1,079	3	12	2,031	22,267	74	6,056	76	2,066
2018	서초구	금융 및 보험업	930	159	18,539	10,052	8,487	104	182	739	15,914	85	2,440	2	3	496	3,169	37	7,490	397	7,880
2018	서초구	부동산업	3,281	918	14,381	9,528	4,853	1,991	4,171	969	7,320	42	195	279	2,695	3,120	10,439	76	3,093	85	849
2018	서초구	전문 과학 및 기술 서비스업	6,713	947	67,657	44,023	23,634	3,465	11,062	2,190	42,054	1,039	14,441	19	100	5,785	34,769	536	18,968	392	13,920
2018	서초구	사업시설 관리 사업 지원 및 임대 서비스업	1,273	365	56,487	26,773	29,714	439	1,002	799	55,174	12	86	23	225	1,055	20,367	122	34,623	96	1,497
2018	서초구	공공행정 국방 및 사회보장 행정	65	10	11,283	6,802	4,481	-	-	-	-	64	11,240	1	43	61	10,343	1	700	3	240
2018	서초구	교육 서비스업	2,615	1,328	21,404	8,091	13,313	1,863	5,634	546	8,071	157	7,416	49	283	2,368	14,032	80	3,282	167	4,090
2018	서초구	보건업 및 사회복지 서비스업	1,661	638	20,757	4,265	16,492	1,447	11,654	19	100	99	7,863	96	1,140	1,588	13,738	15	1,119	58	5,900
2018	서초구	예술 스포츠 및 여가관련 서비스업	1,321	523	6,478	3,554	2,924	1,069	2,692	165	1,353	49	2,196	38	237	1,255	5,776	15	125	51	577
2018	서초구	협회 및 단체 수리 및 기타 개인 서비스업	3,434	1,535	12,749	6,868	5,881	2,354	5,244	146	2,499	435	3,049	499	1,957	3,239	9,748	93	1,717	102	1,284
2018	강남구	합계	71,373	22,312	694,136	384,090	310,046	40,599	137,412	27,423	487,050	2,176	62,111	1,175	7,563	62,689	381,611	3,286	208,165	5,398	104,360
2018	강남구	농업 임업 및 어업	4	1	46	35	11	-	-	4	46	-	-	-	-	4	46	-	-	-	-
2018	강남구	광업	6	-	14	12	2	-	-	6	14	-	-	-	-	5	13	1	1	-	-
2018	강남구	제조업	1,626	516	14,296	6,768	7,528	919	2,297	699	11,882	5	96	3	21	1,452	5,357	112	7,035	62	1,904
2018	강남구	전기 가스 증기 및 공기조절 공급업	39	2	1,222	1,018	204	1	4	34	991	4	227	-	-	28	64	4	767	7	391
2018	강남구	수도 하수 및 폐기물 처리 원료 재생업	21	-	823	701	122	2	4	18	693	1	126	-	-	16	644	3	99	2	80
2018	강남구	건설업	1,931	317	49,157	41,337	7,820	555	1,709	1,373	47,440	3	8	-	-	1,721	28,893	133	17,951	77	2,313
2018	강남구	도매 및 소매업	16,697	5,818	136,778	75,105	61,673	8,493	20,696	8,156	115,849	42	210	6	23	13,810	56,893	1,195	52,158	1,692	27,727
2018	강남구	운수 및 창고업	3,105	160	11,236	9,022	2,214	2,641	3,295	326	6,421	130	1,468	8	52	2,876	7,136	90	2,646	139	1,454
2018	강남구	숙박 및 음식점업	10,730	4,879	58,366	26,053	32,313	8,823	35,671	1,887	22,592	13	80	7	23	9,394	41,259	168	3,825	1,168	13,282
2018	강남구	정보통신업	4,483	695	58,879	39,291	19,588	889	2,177	3,556	55,591	35	1,082	3	29	4,189	43,288	166	11,974	128	3,617
2018	강남구	금융 및 보험업	1,940	279	34,738	19,937	14,801	225	407	1,569	30,820	127	3,472	19	39	1,191	7,481	100	13,257	649	14,000
2018	강남구	부동산업	5,779	1,568	29,039	19,049	9,990	3,278	7,201	2,127	17,067	47	1,481	327	3,290	5,450	21,486	144	5,142	185	2,411
2018	강남구	전문 과학 및 기술 서비스업	9,090	1,670	107,675	66,838	40,837	3,580	12,059	4,656	74,438	815	21,081	39	97	7,898	62,443	698	37,352	494	7,880
2018	강남구	사업시설 관리 사업 지원 및 임대 서비스업	2,008	581	83,062	40,724	42,338	652	2,148	1,319	80,291	25	570	12	53	1,691	29,044	170	46,339	147	7,679
2018	강남구	공공행정 국방 및 사회보장 행정	56	7	6,047	3,444	2,603	-	-	-	-	56	6,047	-	-	54	5,961	-	-	2	86
2018	강남구	교육 서비스업	3,838	1,804	29,182	11,066	18,116	2,609	8,349	1,012	12,487	170	7,796	47	550	3,381	19,086	151	4,926	306	5,170
2018	강남구	보건업 및 사회복지 서비스업	3,048	870	41,288	9,131	32,157	2,714	25,164	54	694	146	13,716	134	1,714	2,924	27,933	30	1,218	94	12,137
2018	강남구	예술 스포츠 및 여가관련 서비스업	1,778	603	9,179	5,106	4,073	1,375	3,849	329	4,115	53	1,120	21	95	1,644	6,051	34	1,062	100	2,066
2018	강남구	협회 및 단체 수리 및 기타 개인 서비스업	5,194	2,542	23,109	9,453	13,656	3,843	12,382	298	5,619	504	3,531	549	1,577	4,961	18,533	87	2,413	146	2,163
2018	송파구	합계	47,772	16,207	342,853	203,506	139,347	33,826	86,254	11,627	209,584	1,039	37,695	1,280	9,320	44,075	211,800	1,056	78,373	2,641	52,680
2018	송파구	농업 임업 및 어업	7	-	273	229	44	-	-	4	113	3	160	-	-	4	15	2	255	1	3
2018	송파구	광업	1	-	5	4	1	-	-	1	5	-	-	-	-	1	5	-	-	-	-
2018	송파구	제조업	1,520	383	9,200	5,550	3,650	1,042	2,779	466	6,341	10	64	2	16	1,415	5,881	63	2,891	42	428
2018	송파구	전기 가스 증기 및 공기조절 공급업	10	2	31	24	7	1	2	9	29	-	-	-	-	10	31	-	-	-	-
2018	송파구	수도 하수 및 폐기물 처리 원료 재생업	27	4	593	531	62	-	-	17	549	10	44	-	-	26	473	1	120	-	-
2018	송파구	건설업	1,870	258	46,470	40,589	5,881	728	2,545	1,139	43,915	3	10	-	-	1,727	33,269	83	12,061	60	1,140
2018	송파구	도매 및 소매업	13,666	4,813	60,790	34,629	26,161	8,220	18,695	5,396	41,648	41	409	9	38	12,343	38,258	397	12,749	926	9,783
2018	송파구	운수 및 창고업	5,915	294	15,955	14,822	1,133	5,700	6,054	179	8,935	34	948	2	18	5,839	12,128	24	2,022	52	1,805
2018	송파구	숙박 및 음식점업	7,234	3,739	30,485	12,233	18,252	6,455	20,956	765	9,394	8	105	6	30	6,676	22,607	36	453	522	7,425
2018	송파구	정보통신업	885	148	27,034	18,623	8,411	228	503	634	25,892	22	638	1	1	809	9,681	40	16,066	36	1,287
2018	송파구	금융 및 보험업	540	90	8,393	4,375	4,018	67	202	395	5,305	77	2,885	1	1	218	1,317	15	1,911	307	5,165
2018	송파구	부동산업	2,625	925	13,611	8,826	4,785	1,868	3,440	495	7,484	26	619	236	2,068	2,525	8,316	47	4,088	53	1,207
2018	송파구	전문 과학 및 기술 서비스업	2,488	369	27,676	19,472	8,204	1,158	3,875	1,152	22,242	174	1,547	4	12	2,119	14,803	173	7,934	196	4,939
2018	송파구	사업시설 관리 사업 지원 및 임대 서비스업	832	210	29,731	16,612	13,119	323	1,046	491	28,486	9	36	9	163	693	13,821	62	13,666	77	2,244
2018	송파구	공공행정 국방 및 사회보장 행정	69	13	7,087	4,465	2,622	-	-	-	-	69	7,087	-	-	68	6,795	1	292	-	-
2018	송파구	교육 서비스업	2,340	1,315	18,609	6,291	12,318	1,887	6,105	256	3,483	143	8,374	54	647	2,162	13,644	44	1,371	134	3,594
2018	송파구	보건업 및 사회복지 서비스업	1,812	816	26,546	5,582	20,964	1,528	10,471	9	199	84	11,465	191	4,411	1,754	16,545	11	570	47	9,431
2018	송파구	예술 스포츠 및 여가관련 서비스업	1,641	703	9,397	5,191	4,206	1,434	3,399	112	3,984	67	1,910	28	104	1,558	4,864	20	1,192	63	3,341
2018	송파구	협회 및 단체 수리 및 기타 개인 서비스업	4,290	2,125	10,967	5,458	5,509	3,187	6,182	107	1,580	259	1,394	737	1,811	4,128	9,347	37	732	125	888
2018	강동구	합계	29,772	10,503	145,990	78,357	67,633	25,216	59,437	3,161	62,078	536	19,671	859	4,804	28,284	98,598	288	25,109	1,200	22,283
2018	강동구	농업 임업 및 어업	3	2	40	34	6	-	-	3	40	-	-	-	-	2	21	1	19	-	-
2018	강동구	제조업	1,400	358	5,191	2,882	2,309	1,206	3,429	185	1,695	8	56	1	11	1,366	4,848	18	207	16	136
2018	강동구	전기 가스 증기 및 공기조절 공급업	2	-	89	64	25	-	-	1	3	1	86	-	-	-	-	-	-	2	89
2018	강동구	수도 하수 및 폐기물 처리 원료 재생업	16	3	522	396	126	3	14	8	230	5	278	-	-	15	473	1	49	-	-
2018	강동구	건설업	1,052	147	19,094	16,407	2,687	601	2,068	448	17,017	3	9	-	-	1,013	10,223	22	8,505	17	366
2018	강동구	도매 및 소매업	6,764	2,822	23,937	12,558	11,379	5,545	12,123	1,191	11,674	27	137	1	3	6,266	16,694	99	3,701	399	3,542
2018	강동구	운수 및 창고업	5,629	207	10,140	9,440	700	5,534	5,907	65	3,615	30	618	-	-	5,583	8,766	4	517	42	857
2018	강동구	숙박 및 음식점업	4,834	2,646	15,308	5,944	9,364	4,618	13,147	201	2,056	8	54	7	51	4,673	13,599	7	66	154	1,643
2018	강동구	정보통신업	227	40	1,758	1,150	608	111	246	107	1,296	7	205	2	11	214	1,266	6	318	7	174
2018	강동구	금융 및 보험업	263	42	3,669	1,228	2,441	37	130	180	2,932	46	607	-	-	66	311	9	311	188	3,047
2018	강동구	부동산업	1,625	575	4,331	2,789	1,542	1,245	2,039	169	1,020	23	60	188	1,212	1,572	3,780	9	85	44	466
2018	강동구	전문 과학 및 기술 서비스업	653	100	7,012	5,057	1,955	392	1,116	214	5,593	43	299	4	4	564	2,639	37	3,849	52	524
2018	강동구	사업시설 관리 사업 지원 및 임대 서비스업	468	142	12,664	6,175	6,489	258	747	198	11,827	7	78	5	12	397	4,845	32	6,124	39	1,695
2018	강동구	공공행정 국방 및 사회보장 행정	46	3	2,934	1,836	1,098	-	-	-	-	46	2,934	-	-	44	2,921	1	3	1	10
2018	강동구	교육 서비스업	1,490	830	10,844	3,550	7,294	1,271	3,641	108	1,649	94	5,476	17	78	1,390	8,208	16	540	84	2,096
2018	강동구	보건업 및 사회복지 서비스업	1,253	514	18,619	4,150	14,469	1,053	8,714	7	122	82	7,532	111	2,251	1,185	11,888	9	175	59	6,556
2018	강동구	예술 스포츠 및 여가관련 서비스업	939	408	2,905	1,534	1,371	887	2,057	25	216	24	617	3	15	910	2,291	7	125	22	489
2018	강동구	협회 및 단체 수리 및 기타 개인 서비스업	3,108	1,664	6,933	3,163	3,770	2,455	4,059	51	1,093	82	625	520	1,156	3,024	5,825	10	515	74	593